<?xml version="1.0"?>
<opencv_storage>
<calibrationDate>"Wed 08 Feb 2023 07:18:40 PM EST"</calibrationDate>
<framesCount>20</framesCount>
<cameraResolution>
  1280 720</cameraResolution>
<cameraMatrix type_id="opencv-matrix">
  <rows>3</rows>
  <cols>3</cols>
  <dt>d</dt>
  <data>
    1.0718574499645786e+03 0. 6.4900785756177913e+02 0.
    1.0718574499645786e+03 3.6235486709991534e+02 0. 0. 1.</data></cameraMatrix>
<cameraMatrix_std_dev type_id="opencv-matrix">
  <rows>4</rows>
  <cols>1</cols>
  <dt>d</dt>
  <data>
    0. 7.7015853772701428e+00 3.7043147575213187e+00
    1.6075608780714030e+00</data></cameraMatrix_std_dev>
<dist_coeffs type_id="opencv-matrix">
  <rows>1</rows>
  <cols>5</cols>
  <dt>d</dt>
  <data>
    6.3563783648703673e-02 -8.4800674291464317e-02 0. 0.
    1.0354569579015630e-02</data></dist_coeffs>
<dist_coeffs_std_dev type_id="opencv-matrix">
  <rows>5</rows>
  <cols>1</cols>
  <dt>d</dt>
  <data>
    6.3091517930210063e-03 2.3066214901646530e-02 0. 0.
    3.4635357179931860e-02</data></dist_coeffs_std_dev>
<avg_reprojection_error>1.3286792218091856e-01</avg_reprojection_error>
</opencv_storage>
