<?xml version="1.0"?>
<opencv_storage>
<calibrationDate>"Thu 09 Feb 2023 07:37:11 PM EST"</calibrationDate>
<framesCount>29</framesCount>
<cameraResolution>
  1280 720</cameraResolution>
<cameraMatrix type_id="opencv-matrix">
  <rows>3</rows>
  <cols>3</cols>
  <dt>d</dt>
  <data>
    1.0924973755062547e+03 0. 6.4494177701663477e+02 0.
    1.0924973755062547e+03 3.9216564888231403e+02 0. 0. 1.</data></cameraMatrix>
<cameraMatrix_std_dev type_id="opencv-matrix">
  <rows>4</rows>
  <cols>1</cols>
  <dt>d</dt>
  <data>
    0. 6.2153767271467864e+00 3.3871756313231067e+00
    3.1232313683456798e+00</data></cameraMatrix_std_dev>
<dist_coeffs type_id="opencv-matrix">
  <rows>1</rows>
  <cols>5</cols>
  <dt>d</dt>
  <data>
    7.8563374425286769e-02 -8.3063038380654416e-02
    -7.0471069172461922e-03 1.5896645435241705e-03 0.</data></dist_coeffs>
<dist_coeffs_std_dev type_id="opencv-matrix">
  <rows>5</rows>
  <cols>1</cols>
  <dt>d</dt>
  <data>
    4.1445546721729501e-03 4.6839212917631663e-03 7.9621057680673030e-04
    8.5962258356991937e-04 0.</data></dist_coeffs_std_dev>
<avg_reprojection_error>1.6326760038443452e-01</avg_reprojection_error>
</opencv_storage>
